De-correlated shortlist (filter=HOLD)
Total selected: 20

 #  Symbol  Cluster       ER       CM     Stab    Score
 1  XLE          57   -0.170    1.000    0.698    0.455
 2  MTCH         44   -0.170    0.975    0.701    0.446
 3  ENPH         54   -0.170    0.904    0.649    0.414
 4  ENVX         28   -0.170    0.873    0.638    0.401
 5  ORCL         35   -0.170    0.837    0.608    0.384
 6  EH           15   -0.170    0.800    0.596    0.370
 7  EXPE         48   -0.170    0.719    0.564    0.336
 8  AVY           3   -0.170    0.714    0.566    0.335
 9  ZTO          23   -0.170    0.692    0.532    0.322
10  NSC          31   -0.170    0.675    0.525    0.315
11  CALM         24   -0.170    0.669    0.522    0.312
12  SLV          38   -0.170    0.662    0.531    0.312
13  CL           59   -0.170    0.657    0.516    0.307
14  INDP         39   -0.170    0.624    0.508    0.295
15  NBIX         27   -0.170    0.618    0.514    0.293
16  LGND         37   -0.170    0.610    0.497    0.288
17  NOV          36   -0.170    0.601    0.488    0.283
18  CHPT         42   -0.170    0.567    0.470    0.269
19  AMC           4   -0.170    0.558    0.464    0.265
20  TRP          21   -0.170    0.546    0.461    0.260
