De-correlated shortlist (filter=BUY)
Total selected: 20

 #  Symbol  Cluster       ER       CM     Stab    Score
 1  WDC          57    0.272    1.000    0.698    0.955
 2  GLD          44    0.272    0.975    0.701    0.946
 3  XLU          54    0.272    0.904    0.649    0.914
 4  AIZ          28    0.272    0.873    0.638    0.901
 5  HCA          35    0.272    0.837    0.608    0.884
 6  EH           15    0.272    0.800    0.596    0.870
 7  POWL         48    0.272    0.719    0.564    0.836
 8  MMM           3    0.272    0.714    0.566    0.835
 9  ONCY         23    0.272    0.692    0.532    0.822
10  WAB          31    0.272    0.675    0.525    0.815
11  AAPL         24    0.272    0.669    0.522    0.812
12  SLV          38    0.272    0.662    0.531    0.812
13  RUN          59    0.272    0.657    0.516    0.807
14  FDX          39    0.272    0.624    0.508    0.795
15  PCVX         37    0.272    0.610    0.497    0.788
16  SNOW         36    0.272    0.601    0.488    0.783
17  QS           42    0.272    0.567    0.470    0.769
18  TRP          21    0.272    0.546    0.461    0.760
19  LCID          2    0.272    0.543    0.439    0.756
20  XLK          58    0.272    0.533    0.329    0.736
